1 4
2 3
3 2
4 4
5 4
6 3
7 3
8 3
9 2
10 3
11 4
12 4
13 3
14 4
15 3
16 4
17 4
18 3
19 4
20 3
21 4
22 4
23 3
24 4
25 3
26 3
27 2
28 2
29 5
30 4
31 3
32 4
33 3
34 2
35 4
36 4
37 3
38 2
39 2
40 4
41 3
42 3
43 4
44 3
45 4
46 3
47 4
48 3
49 5
50 4
51 4
52 3
53 3
54 3
55 2
56 2
57 4
58 3
59 4
60 5
61 4
62 4
63 4
64 3
65 3
66 2
67 2
68 3
69 5
70 5
71 4
72 3
73 3
74 2
75 3
76 4
77 4
78 4
79 3
80 4
81 3
82 3
83 5
84 4
85 5
86 4
87 3
88 4
89 5
90 4
91 3
92 2
93 3
94 4
95 3
96 4
97 3
98 3
99 2
100 3
101 3
102 3
103 3
104 3
105 2
106 4
107 3
108 2
109 2
110 3
111 2
112 4
113 3
114 2
115 2
116 4
117 3
118 4
119 3
120 4
121 5
122 4
123 5
124 4
125 3
126 4
127 4
128 3
129 4
130 4
131 3
132 4
133 3
134 5
135 4
136 3
