0
0
0
0
0
0
0
0
0
0
0
0
0
0
0
0
0
0
-348684671977757804261285986629058560000000
92692061226043840697317387717954240512000000
-12064419680497551449337626985083054535475200000
1023077776224457742885522823330678150612910080000
-63434611515047661167570622187496304502420537344000
3057723774326051371915375123763260239062924210995200
-118849393068650642399188771905531616403497740203458560
3808650902529192190175820445020162304145195971431628800
-101828568454825949026140257212471580491156636134329548800
2275560789062464577888276546657421739778724215693053526016
-41986220091229274886548432349287493000407414810554851655680
613236922091334280019157543201425902767313259670207945768960
-6127445484241314015613615016506798802217941519634726899417088
8251454848057124674369134642208836592097380622871860688715776
1336970004302217651385220173235213233751386831878619785748021248
-37442786178928966983009048932253451767976029735811126798288158720
661911486568974567961458805825897026409579045821142321239278223360
-8646326015014978618272237648848400176602794406304671129730983919616
80196739845619722291297724337234338658240357885942612725926771818496
-331332151814911920782343862080392244884811993958887773831277588774912
-5420492022678620479435598070856557800354044078248718623940505185026048
160532504751556742088100568508541264567386540078610865798611854012973056
-2498636045147635495139705136363677296432640266448278827578132146044272640
29077243677878130245476525482243298634535156259317433542909811589432475648
-280927152904478682076073980610495676120199226314959528147000025041950736384
2625451475465732011208247313656433971222158785697251341440530352714979213312
-31600700334079258189285302910664245545811434183029358598273573552987614216192
529131175288435769406684935966315141778322599554483254905427926337119710085120
-9533043109201886152520474701695565793467949845645927672659713336274562093940736
156666637594009117804310359027095397024377856712297136873609228586194723498098688
-2263155576569014952514156596831171491765248755358328261272355083100895015570767872
28748550966898903563111785425098882723129891988192444445409078301840391843528835072
-321994570401387923652757628621921725259923811308983667049866504153519306028529745920
3157614148242142483361491458957303434922170144908480911235398847193022812049654153216
-26295181654899664950768385076440641750525226615774404554203919683639468766581040873472
167456849880490436375953958926304273420772049080461539202744956017973057016193437663232
-415257576245180756610109284302832642468686609684422369984972295180553003216644780064768
-9761819554087603484401308280985045600418544029339130683569197660916797949573664174243840
231865376440587383524428105413003184763124198794662443076046181794990155718354041418285056
-3457876321920897291798970784940849098297709955145263965885953062242559615136511563151704064
42892858571318055661946855792387905292595400165163307389613375029811927200513635254917922816
-476614574910262948707493114381376026661753493270825649032505807594724628131635102809084395520
4895127586432203697413076453806913241079316922050786633112147521709028964823913310090180952064
-47237719356273477589641351079581231955471624945421738077268958813513012926307932964243338428416
432448639440932504956711295279782620967528339934148160423095429475486330902251360572622355038208
-3778851259082105016141365335865327552566869830309698092924236978202049169326137517222981646942208
31647090959155345398462292103210643843571401257188915546266667306740238593886833041492017781145600
-254726928028411229603668722482468018945263664347494303594423419438777305786094582313931429210226688
1974452540094286994086473275388184526792510984703904563062552748693716978461176587005749826846457856
-14759770024270841108408873477190902652576404561314873068859595274416927811940021847038912549814796288
106524253249998376455354032754674532413645866786313839386488258234761334210511764296826247245016858624
-742890303064625876565873356363031276935888786446736982885282949911622920243954141583625051426638528512
5009682159895927189101986318515519186520722816092929966615514511406518954022819301080900173126403358720
-32685918317783794490545096551803595992786858144693047275907134804204398064286218288428031137926210387968
206443386737792429984293701297568608088695724336351121326063710788417151665117992958629682099641022152704
-1262800528989154185646196821199006966832656773547880280640596490576989670184919259049319428430040427134976
7484300866075409882064270897215603775819840311101516895881696699248861426759565416761377689937715140755456
-42996116098120591732185946013609894877403434988820834977787615343948132293779379786931846166874450256986112
239518850305927039500157480593747208267163378164846350127331221457578476044503298551098671487777742258176000
-1294337023665642022002620429415780224377523860444984606731846857570157006211237789651109340410010270544429056
6787528524277518677037811681479180182167486365893326001705917449464273333379479190671832083213561666469888000
-34553118035842007966751454169817785234394242832618303015367358771294667099755576341648748901640716962670575616
170814347776489668933630322126127244461151691493640775422158562095660368831549043907149249001319920514816278528
-820292995540752145042920918131647475364833256238247188762584187178255890630016917207041305252846443647907921920
3827922623732529691436909507020619980721913938302790822590235435913166634514852429557854509508579712983470440448
-17363798626694861065435261618260883679050967868497962496750069840230311998616187521743018933135292549367131537408
76585724642978142565023196356757658368795550563207847918747420260133984761817896261718100166077248593666869559296
-328550889867814257134409097150304353630767512277848078666682354788638838968933114647844496529700243135971308077056
1371310261302583762973653123120074091317966581722079454937649562760633959954949746269717435587653707657851044888576
-5570189272714792215631620341012037993424792828719133108887093682405250169524433354934191327911899601176075865948160
22025445015439590102812292005501011114541085000927900969982989736491696150162663242750416020905977660528488276295680
-84803910471389878081863134849081782182015107909680452657927557618905128219447021288395841644561724463318728676737024
318021235510740236111475583056936431555175313274137415719650591384622383518205275745176112071660279341028578613526528
-1161862662504521863570454310347391843037793202541799295012157103992771021578718685454482929193872293026342779534442496
4136358303864936012080986843424319583474665577798843442358348851504314975279345826952137045893200691079986385440997376
-14353221910491963510906877054301685782310830490396015066566403888577567913680044941885092876395568306389004575395807232
48556659543436663741481149944247957564432381988074040489183871019839995563652383714144792989584369542318609419202461696
-160182017473261483305270559280887891639132894397886455290955050158450209526535936057440140503623470021565426237821681664
515393443683449802970666167349919059931112688593091766583082852650419311078778870751593679444396224844431509867380867072
-1617767487342361641993242915469776139626443663378983583017800485725195850492964489469641906678177885890898502099627147264
4954897469125328389526410394350410043296926696807687495105087210115894908341519152675399014022463355705063952289307295744
-14810894781960294816509495703501625114628014344376336933582741429467133305312264437411956984915698648377429915689814065152
43215561902795142110961008124028955716971183427053118854679722820653849167781100900312618355626478138986118381421635567616
-123109907731310520950614953712584251506571822845590542813987585204195355868613680535081692008435121973110238094869038891008
342467330020483111617939089383819349368077153447027886509144524969103271548800018895922343634141564924971719783920798007296
-930455398483380793765112433308766658840102159907522135235251185137040400809915200865560407046850267171190099948833892990976
2469431018792028528397366718164368325834591557273951166512671631133183814818368020715431656255187057646722485668811823382528
-6403177638460238830282239752634617948476111971876160704128959826498046601296598812768590276414247810712166626607345298309120
16224139240742119115593379043944763018547659551775017735114716182487947250029934225983846395379177585170054140870498285780992
-40175676203653597021084351124795643098470122192859829641576217373069611933126660777795419116634263262727449846297246285430784
97244696794960447590243873603158632229671793274559952154462762423094384854458562225747997375398104850083162582585876347355136
-230108948350697617618988016196141329890860634192986456784273154310765655072619060240210607576049600470805459298492540096872448
532387043393667437712685399393204772184901051895730172947026158873840943592858857895023233708162228427597796278949830933348352
-1204501352082604386629758939672610378131302337973308694285895858253039286202212520940288686755812219312494286994516374972268544
2665203318102423391605932672748725148679208557544059901911738409444741425480986318287909799445633777572894180779994462346543104
-5768355183384439474846700106397752826499836265334733509403867587715053876537905071330385845845097219993963658487814805199519744
12213090493656443535302380143186796208593922432514918646174641590294581011559225732982109055401813203629250202531893503221301248
-25298945805781651751224705899615311217254133482806203590400293671070851942972908082280244486825790292081046374200164817878122496
51278096467814442074250267756944877286236926526350183451652255843903566960242895748846496548335824272593510190826772252963373056
-101709464747362569376024662467195163948324126717202871442581245571714231753286859021374066069391755060124596786079393452511985664
197440514108128253379904777445827959896887679730647921443039297919113656578337269585949034331815650218633105631270098643160399872
-375145802768697920411471180438570414377459458903771149503798790886692924392378028129348704499767286060085886049296807417840926720
697741212245478050424878494651574848738672506443181985116635177556430761994052233819905755504324462225492942608949235431214415872
-1270453433708923803916959498091378634688302514316183432530538451070422264533757609223407056069294873548324525993710876708126588928
2264805605582748256483938448950671756321799599183539271049941462969238655247206020877018546434426475439019967867918587705056821248
-3953181168820642153199150545622918315211077794029904880408724994300814387310892003310008121094256278956397555682534600918129704960
6756783604633590447876348224748053110829020725299851071689268310090362614636696305778082999480966094149824155728422215477729689600
-11309484440758882630042760726934568598760249449983744341402552218105377747845202263247817128852678529850854173064968017334492987392
18538953329910054357888970225177232734510399537343108689252461867257600737792799934727103504234133770027453629811261318041719275520
-29764283118152113463734670261150037784551893220950902641151016487963785610958202375092609004240098031684895970414441069116376743936
46805809812244705712888437262797546820229244608846826321010280264872957799032883406467794168455118317796394427201900013690371964928
-72097902784075225629569607313925645957842207984625358801297411849413381838687531945444968433360010796771900591016334619170528296960
108789389902019518901986455156145779577637839296695777095484635182098359810513194005288221497076075182295449301349806879630921039872
-160809645514090339163436593777089423809427064131762778209115026870589868402021365136075612279607925734633823410596879040957787406336
232872380684181416898278562876347164548634332529915066469117271024967215099874900984020885069408259840469733408894336089401224855552
-330385499161826085139396545661715868678490667889406803513343758910689875459108024017407169218353104765205237678734479830127237660672
459235994041235718244060527949368575784435679908600363540384839887673716539842191780437634765013879615169752509601539994540952256512
-625425682697026147677068257290546965306502441425869778716245610712883888654834301382789073131450275107009046416523735998040186552320
834547960337194933799996651905440553917120432597740070732557730962867701655088975100038661164510887580045487203903736100374387359744
-1091117865638612713244031978418263393998707484869636284484157717176098649879332685628744576010828560976510320753850674852091962327040
1397796048508195033419934671025610588822671350344039473031817028889452043584705802444340867422762678299151421863845562042356510752768
-1754578160276964549329819140266215866617667186646747465736378353944383174546847336386114428795068428689306489774225631758725486215168
2158049347845034084110817199043004268308183000830790543163002143600800816971880673603856024870322239874477604448754385529728128778240
-2600822370338320547133792102931310466325815312357353652973535932928004126951046758522564233036092822756262950483987874757418118283264
3071280898297793886422274520181678098433016769298036448374757677787237108531714550503164857048124049430975908417272132146859574558720
-3553732000520532078005253278995976882898318142987248021994651647538498027204355315715318098151871838609668017185593763009633395408896
4029032133279057619113073849430547878468202067818091854275517228064193632874094349213117420653605584092419534904546751936684709904384
-4475691994550439821919377889943213049550548317481557998748086125343370783240902858147523452078091183488390187886723645027464431796224
4871394965575728555586210501843172860576445602692787035276388889326043556829264873919597712595263197981236404903231787595015846363136
-5194792962259134843875937925337617576233522910846634374099347525332642288501250544423117152704417777602581187649008262265055771361280
5427385676994614395259591073897908514149133072698893342968461342097474582083738532310743920456822821827715162213484800807349790965760
-5555256860877893205400633135476060229984254437848729336487931729573378079615028457183862008106035767816220655705338523300166520274944
5570443143496905865163015434396219379804707774290287256947909246433308183783920114319475066340302278889346609761550675776346697760768
-5471749449758526443614675544870613799816339578510802839284029822258503270558751842505103283496170311227887026360149158175225493323776
5264895671786350928012528041592953328171681549964592388765371153110893045993371746225815334458084805729888576106479500101019945140224
-4961970554742069762409489566914539788921962726768931424170585109038641848227613704321360433784537084972982820826148128339009866825728
4580264941594698360226395950337584330503497078082341348479500953577566690378771986108338207546310153481704917749618844050226874941440
-4140640598776224234655289066395174636257937345446576004000951370626436220436158651978196212751027206219337547424595700374802465292288
3665648272185886508377944454123364841434798909899717923017777285119199202636975228680919798457654986183556241279563904321844192215040
-3177630366842712705973373244334430647086838269164357221064903189461411064882722519419344417588683512007633361400778409304267260166144
2697027894390397909145102690974007005949275770514903545314493583683452625314022694304232550949026799646700003391493263610149817286656
-2241063510721023324765497936509203624124405917853871989079800733872688605007692335000580483605273770291516981842493462982287859646464
1822903593137739141056142572564837346950264081953976369848388151110327182857772363624558092191560369819359371359378597059145827876864
-1451326251335852279473489464746667025814974884058886711193236750653838130878581825852848866233876109446417627474951765381495488774144
1130852519744537846203959261476616316404440011465593246317737368281691273950894746555388932968954204558203476901692990308837960450048
-862245342209652075126125705655414240374301496730793924868058109184829010388822851165208457261809238538961143867985262093445573378048
643251240860077626771444437862857646031934890109587579989296571505689900586148587415731641620756522046470832038517399245828458020864
-469453534632533218766069819799619938217342622476713955643038008793388008559994166919491974709223991259185641117317148607734354018304
335120020797413068747995431290208134670781961452660135619894150888316567532360361108826998550440353865221955252124650914575756034048
-233955685577271184672646646180715590551194437859994064743472948711278081174642520820951852136602559845906723961318090306975982157824
159704791724587290165933326627498640458117089524190420376366999812357626129523574979211358316030798715077108264876007650759140179968
-106579784228841840112060254657870525766834622011591775052461407903758275774282704608504884160360098188551165175440708886319295627264
69521849384787525098823172170279228363197679345561346720692665996118584838258730090692607873172469600601844791887442477704271626240
-44316948128179282377552238658310189606953275722796806195483966736176900934724114142353908216518174027805547492086229236322930786304
27601208066371828252225304987401182815076806032544400994193669086901154995312619164354342324331789504106119977897701244318131421184
-16791856262979585587158957051956016155640024725009672619848518214928800100073943511315239928623155983983502727719860481301768306688
9976520461310349531538048738640534761415802930314934474151640990767007477967399567692304252292188424534896368687720977400982405120
-5787102162761475491444478625780259462783274004058929236422050364268349559435032847776391107215420190145611923417483632389335810048
3276656859057934869450709820098170222779970745297257277826612742414314648533561572160224736835631464920720596414318667247885746176
-1810375025860819047037327331592167550523171836089674833839808119267112810433460347108659350250033697434561108874839903168028999680
975770099397151443418781607710436633952937781588135015225496845518599806880237778996909964192149707879090876753129609395148161024
-512902319227464021302155595408518501632022118705059559219438699726441579002164912270177358069827688791731906415532186271710445568
262838940541862864997885331746145686847671688239066449405997853707389672003227693632347878980043256256475671918767880381596172288
-131269784284266899187207523332651574724856798280452241954258690767470614428107328052051414818605856239892006143387692338448957440
63871038842623768660228555929099062945927751099730155019981614997130384644047149464686854233428244616192665138901162841669107712
-30265159577838345957428469592686742090065265025030847305345381895872833721069532707748848100275021890735994929302030956844023808
13960737149482658311435272638633010947300584538563541956815684274880193560671658964006815954813599486934532801123938149072896000
-6266385960506398906851563833211272700400630671781459235583719714132121177699257936445977545801307313246591505734780774743277568
2735748187145198312468810974515794519787655410871125107314827115437667912169410278105862612461205518005793125472532301126565888
-1161130799347107903869885262305247821293791399238666666714371771307239274690552860000608303894067221268025629099498927776858112
478868626964514430110881308511391653778116495524784112595695000315415896416733324799699112495630278923643886741033477700845568
-191802157745107778021482423616778195439599017037449852693656376557541704058623188773124400381668956826732959895346519889412096
74567684843639428303728503793465206412800047553074987558959282858390930105744250234199599333838986496347487352021063542243328
-28122352032836318702990459077231218972597521370473556026999996922003123923914664702376903730159929792524359682867548404056064
10282165392483499429263638498436660295427666082671603912295910467097305662553636721467949387835708659272661384977230755528704
-3642174993786173727606544277047308592987503718820226161172840630826985600599088950134473608353744529307951669122047500353536
1249031496814883589542528104759559617624891515122930841001056993962353705565605533461634835661065924909770228682259888603136
-414376982850865096869621378001426793680520257652073678136112663879448561940607647706048276590511343708303831241252587700224
132886013699435808365562313354876145759140115019647369800537329909542526936913501885618084992233404236640071294408657469440
-41157844155344124083603657016215685468064211328919684762108978990983937947152789497336841265567675598512050256681816293376
12300372023852128924456111739425969255602192527826480454775319862091042143985407246984955611419777239562164020804803624960
-3543647899628202644925042131266907075936810602835528336692422472384545739484493476772466582951862191078020991027475644416
983089266882325982987592180001502376172766656326854564252686331537324394699910333875612395085727149343006264511101403136
-262333985716461540573005342951948019332716421354510938582542532767039809660125526213552822158582047616918535882032545792
67252209753056316546459587524160862965311176697046027814163666719404514726556551153942773199772475683711537315810639872
-16541615905739749089248482095983646254326486719633838768443253970780126585279108849862543417821656329935201908971012096
3898077870671224128120969211067021673791841123731341704783069638458880193396451960625859922928902403172437848032804864
-878725539839610866921967703568537810728588576135000655923938997334320251961970188340975985664466528508497067446894592
189171416064009320679070382800834085309610774249037215927166076964913948655911026321140771640350583123767699787743232
-38820326162869261923075178973320773150593536262230367268127757181158736017596368227723220743876155050650847619842048
7578604537324417742697429246019764672263397807963499975469203976870385261753913875801372333513305739664727746805760
-1404373523229436197807380168823588008358166830487557142034608208887150234333292115257045280714573591342634852417536
246419275374073188421722753168801949527707045379291247031944532850091187723727995468590961760751400566482555371520
-40830311089379465463274594719521238956686079860139841384861890817650710456241187975389003349628418442977146306560
6369213036172390567619532616261081220087278080957975305607135131734293579189211187065834861296028295384304451584
-932179910279068133500764698939756061913349019356813438047957318153022156382879219516449102624880206455272112128
127510371016770434899963755643556822694569806162161394895972318293694740905045672366265643971653578627733258240
-16229638436282027589731244963444015839740325081291649822399085711886162355323850296130740752193671956359282688
1912441127025019932686780297168092618254557335299576466669291909210527889415112207412042324642746704515301376
-207407799549786708571872501756140418676127031128569094737000611736635170049867633719902196497212231301201920
20559484911864601917645436026895133521401658349334234206673505987998406406591126992211616941013517266321408
-1847411695485783169468004386085670679136461186754863520151805682887666337335404656326165380334666370777088
148981529639607820697144046106530028214140218974984719278461526813470774692543234107372383612487818280960
-10649780313947171592549627010743229941756562257675929190681526214210056752448359461073838374543522004992
664302051790187426744843261883473080126455730004302932185111740734922284539842058507534624111707815936
-35421627378060320803212829611090398066230184870709263102241267066780070271440649720902854129135648768
1569749786740484209821467703622880363845095338035690183689892729654885406147287349425205651737411584
-55505685047697642448009306317235453659247196614498869463482845146465080819683729194210288811900928
1468165864976003026139647604763953684768071828358473078644403928398829668290670688201640083718144
-25822866405502483218378435075690923407168122877862521170325086451819267482085390489082306494464
226516371978091958055951184874481784273404586647916852371272688173853223527064828851599179776
