query 10
defining 13
1 5
0 1
41 100
0 1
-1 4
0 1
-9 10
0 1
-1 5
0 1
1 2
0 1
1 4
predicate 11
3596980229379628011481192366460027270239950937755505753360655147605577027058896707487149374994387370540033520464382444841718447361663345794734307092822730378635617993806672870970717663604029682075849536633079339126121231563158243741706334476425781582432181429451204977541265804685501520780599870872505798224172129892417113474727227161704718622002249404534351535769183578520639339155255904624750439668881356322245755307293585513828296145842663023132119839916355758560388436188925117276877137936730122871875739719414923264 1
0 1
55729827975120612329244580165834986486593722274431146271602927813094031581361579972635346095773869098713572317497062114601381512665582682268082930235796452248114200495650385832523244553435690010531017222759884702838028577117894468061922891515906486050726195683623024908107963634866932202898399776851065248039137820279964965889360837916540646779823750289342584582759299759553807798414233189775714130249039412995486256311207077658449048241855246263772890255861710893767331738334026676446557014114219562228407613423960275456 5
0 1
7192460201727285423853890506614490680926686666456466267015303015879341346226632819632178150296242621934789122444077059197752171435851302206947410861287228693855876173234883583721903277542766777318775795146960496692743002006183038572555905728393995963884160323703179880271379533902477467717958915796747440370199309380524954791109224031487468251608626234544970489850889053576775940533769906898709234703155306621255871362859209216225874880148612082483302558200125084695552839204232325672181513614758303682793406747769633920 1
0 1
-8644078773664839819572770160691102738097268545857387617137344979333680154618576173525534427267334133727975890999103822847101275898221062685164494388972463203477362176520349081389196969933215091690381475500024505331184776765184882685939179070387595747115902225477926659895135315743228050657972097086363073825769853861750607531162921763266850997920506884141207321791340919702449016250475177239721441277415097772352716716232330511446724567006679938545174101166238731293181084619881629071525145631980689669760083002880359424 1
0 1
-12662659201533669999622200430906518316655872477882161803169860739936855473054473469245967362835516171356088900357912469882090002674289665000587874373938305480817615578779415702846999309179770290487978101563890165771830175041138920198412007734257288031952294345988937552186252809577927064193267986121375934292888252430307713506299230954996415844465432628746368646293876782895956012426574458486139911987459876953258821715499777251788726031021143090573701454306905628690935057294819849716692651863760759558211867985196797184 1
0 1
-4287319297849259037022132011801364273495833715871511486150654337182121268326237398097966260713850280406076383506910796613824852650307712386531265346808650301347115664559143524474331538030194198341322871992642293795784879449837758241580059314862807241088443667830225594771605218230621467096670937362373807459860728392838653592876388662814876122562865199015987885112517112588232145139096485885704452680992113189707736868977681716910612706173609977826588779930144066808012624663496535437340652019226992232312292315792545920 1
interval 2
497 512
997 1024
