query 19
defining 13
1 5
0 1
41 100
0 1
-1 4
0 1
-9 10
0 1
-1 5
0 1
1 2
0 1
1 4
predicate 12
0 1
-3938279219518626336587100231994320458254664855486329504275339148005157734444310298710609009569208946945414111663877111690881655326658543678440366253782487369948245430031607943950994785628836479382345634494140712256872044011420211030296684229022782086145172173677873285356435522409314062343158936908155651221828105396721303513292747454191395441000565851177591129730943263304367267336620248958348194923901975349006104354904262928329195498612996018636241986888888284927621277569450915696303886845618752416916164547371795942658082554893688210431043759219130602870625277616582240134917521305994406221700756071594257048115697781577526300 1
0 1
-12218860263911767474671901275749046776780382233684863698252643360485112071971290888138162737632958662556614531233516744860938134003085133314385586238689033292327229237428990708427536135827251341980213723657189175405783305844193734114041556495652758324253521172428014045376770728507554662994039511989994843396044718110068042410422323461800396260434175787262314452909910485646967211460158650090940937577643142173045830472964215819991831444682073327375181000858207225470461656377736030059494795185263702804064679507675698777118522269923073945943646741145690953365155460953031272776859188063762683481635311158991433090807435349195318115 1
0 1
-7938584081051835874702119693006244235340455501618349736451252647321906416697770519794904102251806078218943946404791892430727755047696272409834578497663108888997436411434320799756631998181455411737335352033003786961633404524979067170087391440339780984579853600376399764480002712079059896484161164721894835699293115152484289545413002439080915823247276589653526034853404617038224703363821362976668716172436450064203239863312443190068147234965632507601678784867621072052468550258286564059740846198142646116916120761090657743620094741419754598467199997838830918685986350735938841209026499864795352649149300835740364501950874440523382485 1
0 1
9366193609433506220446402788163045499651696741144801453583481082390109736605630437984848487041323646804465075883661132539406688478381661861554838682526305001753486793728066501731288895467966111195073751586325839764940170403152721307150642469811174582447332094018773378351689005068095102504104646088076401798790807818073561587249934909544724920080877419660569240591800978049125332637630281691912233937564868584683142464172135892887325062871759906278341282407736776778659019981395891300474593598207604367987540870648939950775623881178017024672922736681349182412620793912865614030496166680067780367243530991155807271065438689481136225 1
0 1
13797028480600740710325270462812582785308056586157447790448220277377095868509838899422590006513499338648213363828757862096890373319604737343012982806923205813004430261327312750099683165231344053259009073006322629549403532779587346067409883026638318692761726767619532520797055076738556829169123539201860247166390047586540733123469338071267694499517958765741490214319176922100715996481575197937995463000167471230293812708371490867915719082525750555391873735536265599022211741239607548333184717653520069546490562936983116731014588482515878821921049048672746500542823991633804918478959358906523667040493016566233314823477000034455547250 1
0 1
4676897384364279474763804094742215559059760738253801996875747671183627501904868252872015659239041572683584929125046479818452349799315315396156207385387670370910965427545396444509094715883369488230004586929361037193739825599047035033121814166104688145061930859078281007009905230371431348109811588335042344109243369935686352879166902409155165148464292597324745766033025479806273330728924849543227979280255282649008028702143613716011281432619254574154494018609977015009032750639004911948112411086514609403140921105164904308857369472010389614948743203829376910863981310978585679558195202870211132694448862195858395234290939686363784450 1
interval 2
497 512
997 1024
