query 13
defining 13
1 5
0 1
41 100
0 1
-1 4
0 1
-9 10
0 1
-1 5
0 1
1 2
0 1
1 4
predicate 12
-90547715089983596576493226253213823823400114613448468205811835057420642777012012304660693508255488921855683817186909627600864386888034748714465515482661292971412575778288147646802910479140638984435096494362493616312597069688980415029703907666661594605829869128534212247756780281943214031696498577559496476752003323221871441783600075766188703118296570190086969257559301469384198086229617052433570244718432127376089462531242348828223152615656625996185043363220684513002543028333927494852371007499098106223139190334299586336591735991 85899345920
8943366157369713238079758757492140540099769379701944102686378403036907558114253754873865357360476250963636771763374102246496857628490314949270834224049409398323391695983935585718660017778320678401983099317478019863476981983638676332528005033488824350802353944352317266082605285351432069672334696252467093963171823379555338433469307045927197757576830399318749013649823796766678806728984531916928011122641939275651735052637546912439314497962659112330002258311976065610894094273696110622289287760008965373779470824555330599077455133 10737418240
-44902146267592753685110767679834782962578862401307064368774393460154808461475794692844403362512550679403221006433316314048082786452168217974157339141648307510114586558548102162997929503247543302972571222491299988564197822677269874261292550603826555357548743258025650433871888895751601423436570886007311421992041891320138505217504688038570589668649602019065580624901314714046889861408602604682440900457166378401888299740143977394167393693309782580331871021393774748376521168211640849720943271318019011944231525080319761293203345594463 13743895347200
554230506567440638083049270332175663829896102586045114943549210482206519217373828206362215565218713928453476545652818937201185404771268983957795040697372137360518315770292968082000377503745518205200073784269799968676039740146543505682872669472915155933759799013438325107564308348237587223042391398375203491384052006009763985247804206723585513744191691740738334082114012335105178193812274505648267648747078788464830416104985879349266406827711999064339844543314100060613727696118691599990480981725220081961455818796955048747206517603 214748364800
-116031619263361735570359817707656921979577527377518374385872676089190971590760714273890492244989902000587945531052159138927776960856136135493466517033564573674040618542441793244034914559808649615934851229550001542414594696018008239384149977806219648612304100634796817911056398961738378885201618529652970977297537736091582914214537487894542328645612261218078185780069741313791708659654897656752204817402245485009426229187969117386476049450027338948444121008323740448030164732006471773895820663170193376570691779358557331514638177871903 54975581388800
143021079158489722750246663054803823038278109449980228508144039072824168896709620069588745223467130178117395101136804198618196617708155381997385708002569891519469592174495762081263331025392186596089873680591673140520905273690880658672809713142466148866778619420535487100525752061883621225628082405271124320735505289792565737335615031645730998590183016102746963810052158800051619696040735512684219484602373512596032235485580761407343706465035448104749953256119238501202773527256959173881879739390964775342466427826132623278728167313 85899345920
3475635921014051134765676053559708980104169091970280828251587568080899889377952791012600581508765041126121971039456825416085747221627021183411367619319322643113841108510503179812170726505496361557688045239825232687312073571701670043389261781374422809977572336361045295853535742693101135483821871558881851210091267130804297455599553911401137395361186624193689414844045485610958449046564789153619007848984312122740028773222165756027635000772057892001894603918540177256663520729062112875833298470634929749936847906521435038640730622997 1374389534720
-86002030920669451603592074562650112710020159914696430025827698152132279613365396724361884238040753193561492790487127863522047186571533400884245884565573482322001686684576462934021873836001129296357814423597984516003614336077234555597246673315385947513471496533777180723062795550427580274384331411239504051618797418581502828295194398125627346124482841883073097942420547305028573402501062306647885319670605476390260721286696110225924088932924079068044056968649166140279139188370125909630463442024623348216763564156281178355928154857 42949672960
4076870814372151197012393635664412413467334483199850233756211167703755151036876657445845404052078254532962553553233858234487748605394117810244821687732830088019334708423176760969011408488343317268722624272599479771852560395406443291118088162636958854740810671419973109203881664196848474911231138261478672275886922958935167894156886751543775935195360387975475022408233018400758470749057066949769095861570909844401768313719215202802076233650209736041452382447473451754061063056832677277280857210787530035321210448808330571055156394211 1099511627776
-125958047861074677705950601002790761711849201981857365868400457422755863351009168921916905775987341025497902222010273430597596348988873027426850759648431585497768170766621823048970748411455295534673994662549754521938803718998001470749313411323851633519046411574034794448129078680698862581547301775542358291788600344482860775502372683539537066937825400919046057114148979246896602957071021561531226818570085574109674733911250496866142652233813984771999295914771514562554983846214783325007856889579471301390139243290271089730160596697 42949672960
13806131591959581271999536394536616625393191525790237854778415475991723948556132232504010318687434434712105157899503605557272762642622046457837407203776694269020569751789146492306289537581060062171137379326547305377158589289092599793641978192463634250022475582529992602236678035152865157325305799223402144361905877568750680852565998253204725741404095123785398140802682838309908630698798595662177065972568754806581849400844596996212859888257257700347108826915334924917829747970831888202096838064778243395023767706896801909886292108347 10995116277760
-17057992662106226473118568194650787010054981759196297137354310207727258629806385409537604090821417146850776293224835573465549818194178546647236969655046660663172351683031794369898389134324519698757664570895422142132842853302844722281061787888963847447498939335169715883839309535247900938367576940125279699011666936534766176011150845612215428747315266843563614565430748255341770850005927085766671043113146185906972670280369056482919405865732410902690281768206372170675044984300178645382573328875779716200891843779968692207420037251 17179869184
interval 2
497 512
997 1024
