0 -0.00062203715 0.00062203715
0.01 -0.00059324654 0.00065082777
0.02 -0.00056884907 0.00067522523
0.03 -0.00054882789 0.00069524642
0.04 -0.00053315420 0.00071092011
0.05 -0.00052178922 0.00072228509
0.06 -0.00051468664 0.00072938767
0.07 -0.00051179542 0.00073227889
0.08 -0.00051306262 0.00073101169
0.09 -0.00051843612 0.00072563818
0.1 -0.00052786686 0.00071620745
0.11 -0.00054131047 0.00070276384
0.12 -0.00055872821 0.00068534610
0.13 -0.00058008694 0.00066398737
0.14 -0.00060535834 0.00063871597
0.15 -0.00063451729 0.00060955702
0.16 -0.00066753961 0.00057653470
0.17 -0.00070439929 0.00053967502
0.18 -0.00074506561 0.00049900870
0.19 -0.00078950015 0.00045457416
0.2 -0.00083765420 0.00040642011
0.21 -0.00088946659 0.00035460772
0.22 -0.00094486232 0.00029921199
0.23 -0.0010037520 0.00024032233
0.24 -0.0010660321 0.00017804227
0.25 -0.0011315861 0.00011248824
0.26 -0.0012002867 0.000043787625
0.27 -0.0012719982 -0.000027923836
0.28 -0.0013465793 -0.00010250499
0.29 -0.0014238867 -0.00017981239
0.3 -0.0015037775 -0.00025970318
0.31 -0.0015861121 -0.00034203771
0.32 -0.0016707557 -0.00042668133
0.33 -0.0017575799 -0.00051350550
0.34 -0.0018464623 -0.00060238792
0.35 -0.0019372860 -0.00069321165
0.36 -0.0020299377 -0.00078586335
0.37 -0.0021243051 -0.00088023076
0.38 -0.0022202739 -0.00097619955
0.39 -0.0023177243 -0.0010736499
0.4 -0.0024165274 -0.0011724530
0.41 -0.0025165424 -0.0012724680
0.42 -0.0026176136 -0.0013735392
0.43 -0.0027195685 -0.0014754941
0.44 -0.0028222175 -0.0015781431
0.45 -0.0029253533 -0.0016812789
0.46 -0.0030287529 -0.0017846785
0.47 -0.0031321792 -0.0018881048
0.48 -0.0032353846 -0.0019913102
0.49 -0.0033381142 -0.0020940398
0.5 -0.0034401096 -0.0021960352
0.51 -0.0035411128 -0.0022970384
0.52 -0.0036408694 -0.0023967950
0.53 -0.0037391308 -0.0024950564
0.54 -0.0038356561 -0.0025915817
0.55 -0.0039302122 -0.0026861378
0.56 -0.0040225724 -0.0027784980
0.57 -0.0041125151 -0.0028684407
0.58 -0.0041998194 -0.0029557450
0.59 -0.0042842619 -0.0030401875
0.6 -0.0043656111 -0.0031215367
0.61 -0.0044436232 -0.0031995488
0.62 -0.0045180371 -0.0032739627
0.63 -0.0045885708 -0.0033444964
0.64 -0.0046549181 -0.0034108437
0.65 -0.0047167469 -0.0034726725
0.66 -0.0047736997 -0.0035296253
0.67 -0.0048253944 -0.0035813200
0.68 -0.0048714277 -0.0036273533
0.69 -0.0049113791 -0.0036673047
0.7 -0.0049448161 -0.0037007417
0.71 -0.0049713004 -0.0037272260
0.72 -0.0049903929 -0.0037463185
0.73 -0.0050016598 -0.0037575854
0.74 -0.0050046763 -0.0037606019
0.75 -0.0049990298 -0.0037549554
0.76 -0.0049843203 -0.0037402459
0.77 -0.0049601595 -0.0037160851
0.78 -0.0049261671 -0.0036820927
0.79 -0.0048819652 -0.0036378908
0.8 -0.0048271709 -0.0035830965
0.81 -0.0047613871 -0.0035173127
0.82 -0.0046841932 -0.0034401188
0.83 -0.0045951350 -0.0033510606
0.84 -0.0044937157 -0.0032496413
0.85 -0.0043793883 -0.0031353139
0.86 -0.0042515505 -0.0030074761
0.87 -0.0041095425 -0.0028654681
0.88 -0.0039526481 -0.0027085737
0.89 -0.0037801001 -0.0025360257
0.9 -0.0035910895 -0.0023470151
0.91 -0.0033847786 -0.0021407042
0.92 -0.0031603178 -0.0019162434
0.93 -0.0029168653 -0.0016727909
0.94 -0.0026536085 -0.0014095341
0.95 -0.0023697872 -0.0011257128
0.96 -0.0020647167 -0.00082064231
0.97 -0.0017378091 -0.00049373477
0.98 -0.0013885939 -0.00014451952
0.99 -0.0010167337 0.00022734069
1 -0.00062203715 0.00062203715
