0 -0.042893219 -0.042893218
0.01 -0.042875541 -0.042875540
0.02 -0.042822498 -0.042822497
0.03 -0.042734067 -0.042734066
0.04 -0.042610207 -0.042610206
0.05 -0.042450863 -0.042450862
0.06 -0.042255963 -0.042255962
0.07 -0.042025419 -0.042025418
0.08 -0.041759126 -0.041759125
0.09 -0.041456964 -0.041456963
0.1 -0.041118795 -0.041118794
0.11 -0.040744466 -0.040744465
0.12 -0.040333806 -0.040333805
0.13 -0.039886625 -0.039886624
0.14 -0.039402720 -0.039402719
0.15 -0.038881866 -0.038881865
0.16 -0.038323823 -0.038323822
0.17 -0.037728330 -0.037728329
0.18 -0.037095111 -0.037095110
0.19 -0.036423869 -0.036423868
0.2 -0.035714286 -0.035714285
0.21 -0.034966028 -0.034966027
0.22 -0.034178737 -0.034178736
0.23 -0.033352036 -0.033352035
0.24 -0.032485528 -0.032485527
0.25 -0.031578792 -0.031578791
0.26 -0.030631387 -0.030631386
0.27 -0.029642845 -0.029642844
0.28 -0.028612679 -0.028612678
0.29 -0.027540376 -0.027540375
0.3 -0.026425395 -0.026425394
0.31 -0.025267174 -0.025267173
0.32 -0.024065120 -0.024065119
0.33 -0.022818616 -0.022818615
0.34 -0.021527013 -0.021527012
0.35 -0.020189635 -0.020189634
0.36 -0.018805775 -0.018805774
0.37 -0.017374692 -0.017374691
0.38 -0.015895616 -0.015895615
0.39 -0.014367739 -0.014367738
0.4 -0.012790220 -0.012790219
0.41 -0.011162180 -0.011162179
0.42 -0.0094827013 -0.0094827012
0.43 -0.0077508284 -0.0077508283
0.44 -0.0059655618 -0.0059655617
0.45 -0.0041258594 -0.0041258593
0.46 -0.0022306340 -0.0022306339
0.47 -0.00027875077 -0.00027875076
0.48 0.0017309741 0.0017309742
0.49 0.0037997765 0.0037997766
0.5 0.0059289460 0.0059289461
0.51 0.0081198289 0.0081198290
0.52 0.010373830 0.010373831
0.53 0.012692419 0.012692420
0.54 0.015077127 0.015077128
0.55 0.017529556 0.017529557
0.56 0.020051379 0.020051380
0.57 0.022644345 0.022644346
0.58 0.025310283 0.025310284
0.59 0.028051104 0.028051105
0.6 0.030868809 0.030868810
0.61 0.033765492 0.033765493
0.62 0.036743344 0.036743345
0.63 0.039804662 0.039804663
0.64 0.042951849 0.042951850
0.65 0.046187428 0.046187429
0.66 0.049514043 0.049514044
0.67 0.052934467 0.052934468
0.68 0.056451612 0.056451613
0.69 0.060068538 0.060068539
0.7 0.063788458 0.063788459
0.71 0.067614752 0.067614753
0.72 0.071550974 0.071550975
0.73 0.075600869 0.075600870
0.74 0.079768377 0.079768378
0.75 0.084057656 0.084057657
0.76 0.088473088 0.088473089
0.77 0.093019302 0.093019303
0.78 0.097701184 0.097701185
0.79 0.10252390 0.10252391
0.8 0.10749292 0.10749293
0.81 0.11261404 0.11261405
0.82 0.11789338 0.11789339
0.83 0.12333746 0.12333747
0.84 0.12895319 0.12895320
0.85 0.13474791 0.13474792
0.86 0.14072943 0.14072944
0.87 0.14690607 0.14690608
0.88 0.15328671 0.15328672
0.89 0.15988081 0.15988082
0.9 0.16669849 0.16669850
0.91 0.17375057 0.17375058
0.92 0.18104865 0.18104866
0.93 0.18860516 0.18860517
0.94 0.19643346 0.19643347
0.95 0.20454791 0.20454792
0.96 0.21296401 0.21296402
0.97 0.22169846 0.22169847
0.98 0.23076930 0.23076931
0.99 0.24019608 0.24019609
1 0.24999999 0.25000001
