0 -0.0010865747 -0.0010865745
0.01 -0.0010381575 -0.0010381574
0.02 -0.00089717470 -0.00089717469
0.03 -0.00067606003 -0.00067606002
0.04 -0.00039432743 -0.00039432742
0.05 -0.000076868108 -0.000076868106
0.06 0.00024822451 0.00024822453
0.07 0.00055211364 0.00055211365
0.08 0.00080774876 0.00080774877
0.09 0.00099224693 0.00099224694
0.1 0.0010889182 0.0010889183
0.11 0.0010887584 0.0010887585
0.12 0.00099127630 0.00099127631
0.13 0.00080458196 0.00080458197
0.14 0.00054472304 0.00054472305
0.15 0.00023432343 0.00023432344
0.16 -0.000099361886 -0.000099361884
0.17 -0.00042681075 -0.00042681074
0.18 -0.00071881374 -0.00071881373
0.19 -0.00094904758 -0.00094904757
0.2 -0.0010964182 -0.0010964181
0.21 -0.0011469671 -0.0011469670
0.22 -0.0010951726 -0.0010951725
0.23 -0.00094452454 -0.00094452453
0.24 -0.00070731736 -0.00070731735
0.25 -0.00040366908 -0.00040366907
0.26 -0.000059843962 -0.000059843960
0.27 0.00029398415 0.00029398416
0.28 0.00062634015 0.00062634016
0.29 0.00090720536 0.00090720537
0.3 0.0011106869 0.0011106870
0.31 0.0012173650 0.0012173651
0.32 0.0012161093 0.0012161094
0.33 0.0011051979 0.0011051980
0.34 0.00089263025 0.00089263026
0.35 0.00059559347 0.00059559348
0.36 0.00023911403 0.00023911404
0.37 -0.00014600332 -0.00014600331
0.38 -0.00052578276 -0.00052578275
0.39 -0.00086601477 -0.00086601476
0.4 -0.0011352749 -0.0011352748
0.41 -0.0013077626 -0.0013077625
0.42 -0.0013657111 -0.0013657110
0.43 -0.0013011467 -0.0013011466
0.44 -0.0011168325 -0.0011168324
0.45 -0.00082629309 -0.00082629308
0.46 -0.00045289758 -0.00045289757
0.47 -0.000028054750 -0.000028054748
0.48 0.00041134427 0.00041134428
0.49 0.00082603533 0.00082603534
0.5 0.0011777876 0.0011777877
0.51 0.0014328211 0.0014328212
0.52 0.0015649378 0.0015649379
0.53 0.0015580893 0.0015580894
0.54 0.0014081388 0.0014081389
0.55 0.0011236399 0.0011236400
0.56 0.00072553277 0.00072553279
0.57 0.00024574564 0.00024574565
0.58 -0.00027521588 -0.00027521586
0.59 -0.00079152119 -0.00079152118
0.6 -0.0012558607 -0.0012558606
0.61 -0.0016235776 -0.0016235775
0.62 -0.0018567427 -0.0018567426
0.63 -0.0019278203 -0.0019278202
0.64 -0.0018225939 -0.0018225938
0.65 -0.0015420697 -0.0015420696
0.66 -0.0011031480 -0.0011031479
0.67 -0.00053794915 -0.00053794914
0.68 0.00010821570 0.00010821571
0.69 0.00078012415 0.00078012416
0.7 0.0014169607 0.0014169608
0.71 0.0019573663 0.0019573664
0.72 0.0023448359 0.0023448360
0.73 0.0025330343 0.0025330344
0.74 0.0024905846 0.0024905847
0.75 0.0022049004 0.0022049005
0.76 0.0016846875 0.0016846876
0.77 0.00096082523 0.00096082524
0.78 0.000085444018 0.000085444020
0.79 -0.00087085039 -0.00087085037
0.8 -0.0018235229 -0.0018235228
0.81 -0.0026802015 -0.0026802014
0.82 -0.0033479679 -0.0033479678
0.83 -0.0037413920 -0.0037413919
0.84 -0.0037907798 -0.0037907797
0.85 -0.0034500627 -0.0034500626
0.86 -0.0027037583 -0.0027037582
0.87 -0.0015724682 -0.0015724681
0.88 -0.00011646195 -0.00011646194
0.89 0.0015629926 0.0015629927
0.9 0.0033247512 0.0033247513
0.91 0.0049914044 0.0049914045
0.92 0.0063552539 0.0063552540
0.93 0.0071863639 0.0071863640
0.94 0.0072422540 0.0072422541
0.95 0.0062786815 0.0062786816
0.96 0.0040608743 0.0040608744
0.97 0.00037453401 0.00037453402
0.98 -0.0049640683 -0.0049640682
0.99 -0.012099537 -0.012099536
1 -0.021130881 -0.021130880
